% File Format:
% NumberOfFrames
% [Filename NumberOfBoxesInFrame [ ( UpperLeftXPixel UpperLeftYPixel LowerRightXPixel LowerRightYPixel ) ]+ ]+
18
img_00001.bmp 4 (3 80 26 110) (15 62 38 92) (10 169 33 200) (112 167 137 200) 
img_00002.bmp 5 (24 8 44 35) (34 27 54 54) (144 171 164 198) (189 164 211 193) (312 159 336 191) 
img_00003.bmp 5 (24 8 44 35) (33 24 53 51) (147 169 167 196) (198 164 219 192) (319 158 342 189) 
img_00004.bmp 6 (226 78 245 103) (281 198 305 230) (136 188 159 219) (150 172 173 203) (40 179 62 208) (2 84 22 111) 
img_00005.bmp 6 (1 83 22 111) (41 179 63 208) (281 199 305 231) (137 188 160 218) (150 171 173 201) (227 79 245 103) 
img_00006.bmp 7 (11 72 32 100) (19 177 42 207) (80 176 102 205) (175 184 198 215) (163 158 184 186) (233 68 250 91) (318 192 341 223) 
img_00007.bmp 7 (16 67 33 90) (37 177 60 207) (96 175 118 204) (168 150 191 180) (192 183 215 213) (332 190 355 221) (236 64 253 87) 
img_00008.bmp 6 (18 59 38 85) (58 177 81 207) (118 172 141 202) (176 141 199 171) (214 181 237 212) (240 55 258 79) 
img_00009.bmp 7 (252 31 269 53) (22 32 41 57) (30 169 53 199) (150 173 173 203) (216 170 238 199) (209 109 229 136) (309 175 334 208) 
img_00010.bmp 6 (20 7 39 32) (121 161 145 193) (241 167 263 196) (305 166 327 195) (232 82 251 107) (265 10 282 32) 
img_00011.bmp 6 (129 162 152 193) (247 166 270 196) (312 167 333 195) (234 78 254 104) (266 9 283 31) (21 5 39 29) 
img_00012.bmp 6 (135 160 160 193) (254 166 276 195) (319 166 341 195) (19 3 39 29) (235 77 255 103) (269 8 284 28) 
img_00013.bmp 6 (1 79 24 110) (132 205 158 240) (168 137 191 167) (217 97 236 122) (232 62 251 87) (250 55 267 78) 
img_00014.bmp 6 (7 75 27 102) (111 201 136 234) (156 142 178 171) (220 93 240 119) (231 67 249 91) (247 59 265 83) 
img_00015.bmp 6 (241 71 260 96) (227 96 246 121) (210 99 229 124) (62 204 85 234) (41 169 64 199) (22 33 43 61) 
img_00016.bmp 6 (23 32 43 59) (35 169 58 199) (63 203 86 233) (209 99 229 125) (226 98 245 123) (242 70 261 95) 
img_00017.bmp 6 (20 27 40 54) (13 168 37 200) (75 199 98 230) (204 103 223 128) (221 105 240 130) (244 67 263 92) 
img_00018.bmp 8 (232 216 250 240) (201 128 221 155) (181 118 201 144) (253 56 271 80) (264 6 281 29) (112 186 134 215) (42 183 64 212) (19 8 39 34) 
