% File Format:
% NumberOfFrames
% [Filename NumberOfBoxesInFrame [ ( UpperLeftXPixel UpperLeftYPixel LowerRightXPixel LowerRightYPixel ) ]+ ]+
23
img_00001.bmp 2 (270 2 287 24) (234 54 253 79) 
img_00002.bmp 2 (265 12 281 33) (225 66 245 92) 
img_00003.bmp 2 (222 70 241 95) (263 14 280 37) 
img_00004.bmp 2 (260 19 277 41) (217 77 237 104) 
img_00005.bmp 2 (255 27 272 50) (211 89 231 116) 
img_00006.bmp 2 (189 112 210 140) (245 45 262 68) 
img_00007.bmp 5 (232 52 251 77) (245 45 264 70) (123 134 146 164) (159 138 179 165) (111 199 138 235) 
img_00008.bmp 5 (114 124 135 152) (145 147 164 172) (108 187 136 224) (229 59 248 84) (244 52 261 75) 
img_00009.bmp 5 (97 107 118 135) (99 165 126 201) (121 158 141 185) (220 70 239 95) (238 63 257 88) 
img_00010.bmp 6 (228 75 247 100) (215 81 235 108) (1 66 23 95) (75 87 95 114) (99 142 124 175) (95 173 116 201) 
img_00011.bmp 4 (16 4 37 32) (53 170 74 198) (96 192 119 223) (198 119 220 148) 
img_00012.bmp 4 (14 1 35 29) (201 114 224 144) (41 172 61 199) (89 196 112 227) 
img_00013.bmp 5 (253 14 270 37) (229 79 250 107) (133 192 159 227) (112 187 138 222) (9 48 32 78) 
img_00014.bmp 5 (144 177 169 210) (126 172 152 206) (10 38 32 67) (248 22 267 47) (235 70 256 98) 
img_00015.bmp 5 (244 28 263 53) (240 65 260 92) (9 31 32 61) (137 164 162 197) (152 170 177 203) 
img_00016.bmp 5 (10 25 31 53) (147 154 172 187) (162 160 185 191) (247 59 266 84) (240 35 260 61) 
img_00017.bmp 5 (170 153 193 184) (156 145 180 177) (237 41 256 66) (250 53 270 79) (7 19 27 46) 
img_00018.bmp 5 (6 14 27 42) (177 145 202 178) (164 139 188 171) (234 46 254 72) (254 49 274 76) 
img_00019.bmp 5 (5 8 25 35) (230 52 251 80) (258 43 277 68) (188 136 211 167) (174 130 198 162) 
img_00020.bmp 5 (6 1 26 28) (260 38 280 64) (226 59 247 87) (181 121 206 154) (197 126 220 156) 
img_00021.bmp 6 (339 107 359 134) (326 110 348 139) (272 2 290 26) (188 109 211 139) (229 73 249 100) (242 76 263 104) 
img_00022.bmp 7 (259 3 276 25) (326 68 346 95) (312 71 331 96) (261 44 281 71) (251 40 271 67) (135 143 158 174) (99 204 119 231) 
img_00023.bmp 7 (105 196 128 226) (125 152 148 182) (256 6 273 29) (264 38 284 65) (251 35 272 63) (325 62 345 88) (310 66 330 92) 
