% File Format:
% NumberOfFrames
% [Filename NumberOfBoxesInFrame [ ( UpperLeftXPixel UpperLeftYPixel LowerRightXPixel LowerRightYPixel ) ]+ ]+
31
img_00001.bmp 5 (1 88 22 116) (23 189 41 213) (101 127 122 155) (149 141 171 170) (291 144 312 172) 
img_00002.bmp 5 (18 62 38 89) (77 96 98 124) (116 164 136 190) (93 191 111 215) (237 149 259 178) 
img_00003.bmp 1 (23 54 46 84) 
img_00004.bmp 1 (28 34 50 63) 
img_00005.bmp 2 (28 22 49 50) (7 180 30 210) 
img_00006.bmp 2 (24 11 46 40) (51 177 74 208) 
img_00007.bmp 2 (24 5 45 33) (75 175 98 206) 
img_00008.bmp 2 (23 2 43 29) (94 173 117 203) 
img_00009.bmp 1 (196 162 217 190) 
img_00010.bmp 1 (214 158 237 188) 
img_00011.bmp 1 (254 153 274 180) 
img_00012.bmp 1 (280 149 300 176) 
img_00013.bmp 1 (326 143 347 171) 
img_00014.bmp 2 (4 16 22 40) (325 165 346 193) 
img_00015.bmp 2 (4 22 23 47) (316 167 336 194) 
img_00016.bmp 2 (5 31 25 57) (304 167 325 195) 
img_00017.bmp 2 (296 167 317 195) (7 38 25 62) 
img_00018.bmp 2 (8 45 27 70) (288 168 308 195) 
img_00019.bmp 2 (7 53 25 77) (279 168 299 195) 
img_00020.bmp 3 (5 27 23 51) (99 209 122 240) (215 186 235 213) 
img_00021.bmp 3 (5 30 25 57) (101 200 124 231) (209 186 231 215) 
img_00022.bmp 3 (6 37 23 60) (102 192 125 222) (208 192 229 220) 
img_00023.bmp 3 (107 184 128 212) (207 195 227 221) (6 40 24 64) 
img_00024.bmp 3 (4 50 21 72) (110 172 130 199) (203 196 223 223) 
img_00025.bmp 4 (198 202 219 230) (2 62 19 84) (113 153 134 181) (319 163 342 194) 
img_00026.bmp 3 (110 133 130 160) (273 158 298 191) (190 210 212 239) 
img_00027.bmp 4 (2 84 25 114) (105 125 125 151) (187 216 205 240) (253 158 277 190) 
img_00028.bmp 7 (303 96 320 119) (21 15 44 45) (10 23 33 53) (34 51 55 79) (119 202 140 230) (100 161 123 192) (52 170 77 203) 
img_00029.bmp 7 (295 97 315 123) (112 161 135 191) (121 197 144 227) (40 172 64 204) (33 47 52 72) (12 21 31 46) (22 11 43 39) 
img_00030.bmp 7 (14 15 31 38) (22 7 42 33) (30 41 50 67) (16 170 40 202) (126 191 147 219) (134 161 154 187) (284 103 301 126) 
img_00031.bmp 7 (13 9 34 37) (22 2 42 29) (1 169 25 201) (30 36 47 59) (274 107 291 129) (131 184 151 211) (148 160 170 189) 
