% File Format:
% NumberOfFrames
% [Filename NumberOfBoxesInFrame [ ( UpperLeftXPixel UpperLeftYPixel LowerRightXPixel LowerRightYPixel ) ]+ ]+
24
img_00001.bmp 6 (169 157 189 183) (174 139 194 165) (122 159 142 186) (265 42 283 66) (86 183 106 209) (121 18 141 44) 
img_00002.bmp 6 (79 187 99 214) (115 161 136 189) (164 161 184 187) (168 143 188 169) (127 21 146 46) (263 47 281 71) 
img_00003.bmp 5 (152 169 173 197) (155 149 175 176) (99 162 121 191) (64 192 88 224) (256 53 276 80) 
img_00004.bmp 5 (254 58 273 83) (148 175 166 199) (150 154 169 179) (90 166 110 193) (57 199 77 226) 
img_00005.bmp 6 (126 188 148 217) (131 167 152 195) (244 70 265 98) (64 168 86 197) (157 25 177 52) (31 208 53 237) 
img_00006.bmp 6 (31 208 52 236) (62 169 82 196) (130 168 150 195) (125 189 145 215) (156 24 178 53) (245 71 264 96) 
img_00007.bmp 4 (337 56 355 80) (116 31 137 59) (170 195 193 225) (4 181 26 210) 
img_00008.bmp 3 (172 181 195 211) (30 184 50 211) (121 27 141 54) 
img_00009.bmp 3 (126 28 145 53) (174 178 193 203) (41 184 61 210) 
img_00010.bmp 2 (69 184 89 211) (175 165 198 196) 
img_00011.bmp 3 (113 184 133 211) (185 144 208 174) (160 26 180 52) 
img_00012.bmp 3 (190 138 212 167) (129 184 149 210) (166 27 186 53) 
img_00013.bmp 3 (141 183 161 210) (192 133 214 162) (169 27 189 54) 
img_00014.bmp 3 (173 184 193 210) (202 120 223 148) (174 25 194 52) 
img_00015.bmp 3 (172 26 192 53) (208 112 229 140) (197 181 217 208) 
img_00016.bmp 3 (225 179 244 204) (217 101 239 130) (168 27 188 53) 
img_00017.bmp 4 (335 165 355 191) (253 62 273 88) (165 26 185 53) (25 51 45 78) 
img_00018.bmp 3 (260 52 280 79) (167 26 187 53) (30 41 49 66) 
img_00019.bmp 5 (168 27 187 52) (127 207 149 236) (111 201 134 231) (29 14 46 37) (278 20 293 40) 
img_00020.bmp 5 (27 1 42 21) (169 28 187 52) (124 179 146 208) (145 185 171 219) (281 4 301 30) 
img_00021.bmp 4 (168 162 190 191) (146 158 166 185) (168 27 188 53) (26 175 47 203) 
img_00022.bmp 4 (172 155 191 180) (151 151 171 178) (167 26 187 53) (49 173 69 200) 
img_00023.bmp 4 (275 10 292 32) (207 126 227 152) (186 120 206 147) (160 153 181 181) 
img_00024.bmp 4 (274 15 291 38) (213 119 232 144) (183 150 201 174) (192 115 211 140) 
