% File Format:
% NumberOfFrames
% [Filename NumberOfBoxesInFrame [ ( UpperLeftXPixel UpperLeftYPixel LowerRightXPixel LowerRightYPixel ) ]+ ]+
22
img_00001.bmp 2 (91 167 112 195) (179 138 199 164) 
img_00002.bmp 2 (84 166 107 196) (176 139 199 169) 
img_00003.bmp 2 (69 170 89 196) (171 146 191 172) 
img_00004.bmp 2 (139 171 161 200) (3 9 23 36) 
img_00005.bmp 4 (1 57 22 85) (79 209 100 237) (16 23 33 46) (28 27 47 52) 
img_00006.bmp 4 (30 25 49 50) (17 23 36 48) (1 59 22 87) (78 208 99 236) 
img_00007.bmp 5 (229 191 255 225) (249 62 268 87) (249 34 268 59) (257 11 273 32) (3 55 21 79) 
img_00008.bmp 6 (204 165 230 199) (227 77 247 104) (237 55 255 79) (253 22 273 48) (24 172 47 203) (1 181 24 212) 
img_00009.bmp 6 (196 155 222 189) (41 172 64 202) (20 182 43 212) (252 26 275 56) (219 81 242 111) (232 59 252 86) 
img_00010.bmp 6 (90 167 112 196) (70 175 93 206) (200 127 222 156) (202 99 223 127) (219 79 239 105) (245 41 266 69) 
img_00011.bmp 6 (206 120 227 148) (197 104 218 132) (216 85 234 109) (241 45 261 72) (102 166 125 196) (85 176 108 207) 
img_00012.bmp 6 (238 51 257 76) (186 110 208 139) (117 163 140 194) (102 173 125 204) (214 110 238 142) (209 93 228 118) 
img_00013.bmp 6 (107 104 132 137) (242 73 265 104) (220 74 241 102) (169 125 192 155) (157 166 180 196) (171 157 194 187) 
img_00014.bmp 6 (249 61 272 91) (216 84 237 112) (78 95 103 128) (157 138 179 167) (179 170 201 199) (191 156 215 188) 
img_00015.bmp 7 (70 92 93 122) (251 56 274 86) (213 88 236 118) (3 185 26 215) (152 143 175 174) (185 170 208 201) (200 155 223 186) 
img_00016.bmp 6 (259 38 282 69) (204 104 226 133) (142 168 164 197) (57 182 79 211) (225 171 247 200) (235 153 258 183) 
img_00017.bmp 6 (61 181 85 213) (139 169 165 203) (205 104 227 133) (260 38 283 68) (227 171 252 204) (239 153 264 186) 
img_00018.bmp 3 (192 196 217 229) (97 205 122 238) (256 22 274 46) 
img_00019.bmp 2 (198 166 218 193) (245 43 262 66) 
img_00020.bmp 2 (192 153 212 179) (238 52 258 78) 
img_00021.bmp 2 (211 123 231 149) (222 78 243 106) 
img_00022.bmp 3 (231 95 251 121) (199 105 220 133) (261 3 280 28) 
