% File Format:
% NumberOfFrames
% [Filename NumberOfBoxesInFrame [ ( UpperLeftXPixel UpperLeftYPixel LowerRightXPixel LowerRightYPixel ) ]+ ]+
28
img_00001.bmp 4 (271 25 289 49) (228 74 248 101) (239 76 260 104) (232 53 252 79) 
img_00002.bmp 5 (279 6 296 29) (258 2 276 26) (220 78 238 102) (244 48 265 76) (254 52 275 80) 
img_00003.bmp 6 (280 1 297 24) (255 7 274 32) (258 47 278 74) (248 43 268 69) (216 83 236 110) (3 183 24 211) 
img_00004.bmp 5 (271 17 291 43) (260 14 280 40) (241 34 260 59) (121 181 142 209) (188 121 208 148) 
img_00005.bmp 5 (110 189 133 219) (106 154 126 181) (215 83 235 110) (300 175 321 203) (150 181 173 212) 
img_00006.bmp 5 (327 173 348 201) (96 203 119 233) (130 145 151 173) (207 93 227 120) (161 170 184 201) 
img_00007.bmp 3 (192 141 214 170) (189 120 211 149) (170 120 192 149) 
img_00008.bmp 3 (152 132 172 159) (201 130 221 157) (200 106 221 134) 
img_00009.bmp 3 (210 95 232 124) (208 119 228 146) (134 141 156 170) 
img_00010.bmp 3 (102 154 125 185) (217 104 237 131) (221 78 242 106) 
img_00011.bmp 4 (59 168 82 199) (229 90 249 116) (237 62 257 88) (337 80 356 105) 
img_00012.bmp 5 (1 184 24 214) (290 92 310 118) (244 74 264 100) (254 43 272 67) (264 1 280 22) 
img_00013.bmp 5 (268 19 286 43) (252 25 270 49) (258 53 276 77) (332 77 349 100) (230 112 250 139) 
img_00014.bmp 5 (273 2 290 25) (291 89 310 114) (265 39 284 64) (246 44 263 66) (191 126 212 154) 
img_00015.bmp 4 (268 24 287 49) (236 67 255 92) (251 106 270 131) (143 145 163 172) 
img_00016.bmp 4 (231 112 251 138) (231 76 249 100) (122 153 143 181) (269 19 287 43) 
img_00017.bmp 4 (271 15 289 39) (225 84 244 109) (214 117 233 142) (102 160 124 189) 
img_00018.bmp 4 (64 166 87 196) (188 125 208 151) (214 98 234 124) (274 8 291 31) 
img_00019.bmp 4 (277 4 295 28) (205 107 224 132) (172 133 192 159) (38 170 61 200) 
img_00020.bmp 4 (278 2 295 25) (201 110 221 137) (165 137 185 164) (27 172 50 202) 
img_00021.bmp 2 (94 159 114 185) (146 141 166 167) 
img_00022.bmp 3 (9 1 26 24) (71 168 92 196) (9 173 29 200) 
img_00023.bmp 3 (9 1 27 25) (4 173 25 201) (66 169 86 196) 
img_00024.bmp 2 (35 172 57 201) (8 7 27 32) 
img_00025.bmp 2 (3 173 26 203) (8 15 26 39) 
img_00026.bmp 1 (7 31 27 57) 
img_00027.bmp 1 (1 7 20 32) 
img_00028.bmp 1 (2 32 23 60) 
