% File Format:
% NumberOfFrames
% [Filename NumberOfBoxesInFrame [ ( UpperLeftXPixel UpperLeftYPixel LowerRightXPixel LowerRightYPixel ) ]+ ]+
24
img_00001.bmp 4 (87 195 109 224) (71 192 91 219) (25 15 45 42) (193 137 214 165) 
img_00002.bmp 4 (70 193 89 218) (86 195 109 225) (195 134 216 162) (23 12 43 38) 
img_00003.bmp 4 (22 3 42 29) (71 192 91 218) (86 195 109 226) (200 126 221 154) 
img_00004.bmp 3 (227 88 248 116) (89 196 110 224) (72 193 90 217) 
img_00005.bmp 3 (72 193 90 217) (228 87 249 115) (89 196 110 224) 
img_00006.bmp 4 (13 172 34 200) (235 79 256 107) (70 192 90 219) (87 195 109 224) 
img_00007.bmp 4 (70 193 90 219) (31 168 57 203) (237 71 261 103) (86 195 109 225) 
img_00008.bmp 4 (87 195 110 225) (70 193 93 223) (43 169 66 199) (240 69 263 99) 
img_00009.bmp 4 (2 22 22 49) (252 61 272 88) (70 192 90 219) (86 194 109 225) 
img_00010.bmp 4 (2 15 20 39) (259 56 279 83) (88 195 109 223) (71 191 92 219) 
img_00011.bmp 4 (86 194 109 225) (70 191 91 219) (2 13 21 38) (262 54 282 81) 
img_00012.bmp 4 (1 5 18 28) (276 50 295 75) (88 195 110 224) (70 192 90 219) 
img_00013.bmp 5 (70 192 90 219) (19 45 39 72) (327 55 347 82) (292 38 312 65) (89 195 111 224) 
img_00014.bmp 5 (21 41 39 65) (292 39 311 64) (323 62 340 85) (71 193 90 218) (87 196 108 224) 
img_00015.bmp 5 (87 196 108 224) (70 192 89 217) (21 35 40 60) (291 40 310 65) (315 67 331 88) 
img_00016.bmp 5 (89 195 111 224) (70 193 90 219) (20 33 40 59) (291 38 311 64) (311 65 331 91) 
img_00017.bmp 5 (271 88 291 114) (289 39 309 65) (22 11 40 35) (70 193 89 218) (87 194 110 224) 
img_00018.bmp 6 (86 196 109 226) (69 192 90 220) (20 25 41 53) (172 146 193 174) (292 40 313 68) (202 173 225 203) 
img_00019.bmp 7 (155 176 178 206) (128 175 151 205) (88 196 110 225) (69 193 91 222) (311 39 331 65) (20 1 40 27) (292 154 312 180) 
img_00020.bmp 3 (123 168 146 198) (87 195 110 225) (72 193 92 220) 
img_00021.bmp 3 (72 193 92 220) (117 170 139 199) (87 196 109 225) 
img_00022.bmp 3 (87 196 109 225) (71 191 93 220) (110 170 132 199) 
img_00023.bmp 3 (103 170 125 199) (70 193 89 218) (87 195 109 224) 
img_00024.bmp 3 (88 196 108 223) (70 192 90 219) (98 172 118 199) 
