% File Format:
% NumberOfFrames
% [Filename NumberOfBoxesInFrame [ ( UpperLeftXPixel UpperLeftYPixel LowerRightXPixel LowerRightYPixel ) ]+ ]+
18
img_00001.bmp 8 (128 180 152 212) (187 114 209 143) (72 199 97 232) (32 55 52 82) (16 55 37 83) (26 15 46 41) (14 13 35 41) (6 41 27 69) 
img_00002.bmp 9 (178 124 199 152) (117 165 142 198) (37 193 62 226) (30 44 52 73) (1 84 23 113) (25 13 45 39) (18 47 39 75) (9 31 30 59) (13 9 33 36) 
img_00003.bmp 6 (272 15 292 42) (1 63 20 88) (27 6 47 33) (26 54 46 81) (85 109 108 140) (105 165 128 195) 
img_00004.bmp 6 (107 161 131 193) (81 104 104 134) (28 51 49 79) (27 4 46 29) (272 11 294 40) (1 66 21 92) 
img_00005.bmp 4 (26 15 45 40) (11 59 29 83) (37 70 60 100) (92 112 115 142) 
img_00006.bmp 4 (91 106 114 136) (35 66 58 96) (11 54 32 82) (24 10 45 38) 
img_00007.bmp 4 (89 104 112 135) (32 62 55 93) (10 50 33 80) (25 9 45 35) 
img_00008.bmp 4 (85 98 108 128) (27 58 50 88) (10 47 30 73) (24 5 42 29) 
img_00009.bmp 4 (84 92 107 123) (26 53 49 83) (9 42 32 72) (22 1 42 27) 
img_00010.bmp 5 (18 1 36 25) (25 27 46 55) (1 70 24 100) (150 177 173 208) (96 189 119 219) 
img_00011.bmp 5 (170 153 194 185) (105 157 129 189) (54 182 78 214) (13 44 36 74) (23 5 46 35) 
img_00012.bmp 5 (172 149 198 183) (103 153 128 186) (63 181 88 214) (14 43 37 73) (23 2 43 29) 
img_00013.bmp 5 (21 1 42 29) (175 148 198 179) (13 39 35 68) (103 150 127 182) (67 181 92 214) 
img_00014.bmp 5 (212 114 235 144) (163 169 188 202) (85 107 107 136) (17 8 39 37) (314 215 333 240) 
img_00015.bmp 5 (216 109 239 139) (180 172 203 202) (329 210 352 240) (76 100 100 132) (19 3 40 31) 
img_00016.bmp 6 (263 172 287 204) (236 84 259 114) (45 67 67 96) (1 53 24 84) (270 6 290 33) (257 6 277 32) 
img_00017.bmp 6 (239 82 261 111) (43 65 64 93) (2 48 25 79) (271 173 295 205) (270 9 288 33) (258 7 277 32) 
img_00018.bmp 6 (49 188 75 223) (27 38 48 66) (2 22 24 51) (252 61 274 90) (259 27 279 53) (247 26 267 52) 
