% File Format:
% NumberOfFrames
% [Filename NumberOfBoxesInFrame [ ( UpperLeftXPixel UpperLeftYPixel LowerRightXPixel LowerRightYPixel ) ]+ ]+
73
img_00001.bmp 1 (251 45 271 71) 
img_00002.bmp 1 (252 41 272 67) 
img_00003.bmp 1 (254 40 272 64) 
img_00004.bmp 1 (260 31 278 55) 
img_00005.bmp 1 (261 29 281 56) 
img_00006.bmp 1 (261 25 282 53) 
img_00007.bmp 1 (264 23 283 48) 
img_00008.bmp 1 (268 18 288 44) 
img_00009.bmp 1 (269 16 288 41) 
img_00010.bmp 1 (272 9 291 34) 
img_00011.bmp 1 (271 6 291 32) 
img_00012.bmp 1 (273 6 292 31) 
img_00013.bmp 1 (272 4 293 32) 
img_00014.bmp 1 (274 4 293 29) 
img_00015.bmp 1 (273 2 292 27) 
img_00016.bmp 1 (10 209 33 240) 
img_00017.bmp 1 (19 207 42 237) 
img_00018.bmp 1 (29 203 52 233) 
img_00019.bmp 1 (30 203 53 233) 
img_00020.bmp 1 (34 202 57 232) 
img_00021.bmp 1 (35 202 58 232) 
img_00022.bmp 1 (38 200 61 230) 
img_00023.bmp 1 (44 198 67 228) 
img_00024.bmp 1 (46 197 69 227) 
img_00025.bmp 1 (53 192 76 222) 
img_00026.bmp 1 (56 191 79 221) 
img_00027.bmp 1 (63 189 86 219) 
img_00028.bmp 1 (65 187 88 217) 
img_00029.bmp 1 (67 184 90 214) 
img_00030.bmp 1 (70 183 92 212) 
img_00031.bmp 1 (83 176 106 206) 
img_00032.bmp 1 (90 172 111 200) 
img_00033.bmp 1 (90 171 113 201) 
img_00034.bmp 1 (92 168 115 198) 
img_00035.bmp 1 (96 168 117 196) 
img_00036.bmp 1 (98 166 119 194) 
img_00037.bmp 2 (152 136 174 165) (10 44 32 73) 
img_00038.bmp 2 (12 40 33 68) (159 132 180 160) 
img_00039.bmp 2 (11 39 34 69) (159 132 182 162) 
img_00040.bmp 2 (163 130 184 158) (13 37 33 64) 
img_00041.bmp 2 (164 131 184 157) (13 38 33 64) 
img_00042.bmp 2 (14 34 34 60) (168 128 189 156) 
img_00043.bmp 2 (13 31 33 58) (172 125 193 153) 
img_00044.bmp 2 (12 29 34 58) (172 124 194 153) 
img_00045.bmp 2 (173 125 193 151) (11 30 31 56) 
img_00046.bmp 2 (13 26 33 52) (180 121 200 147) 
img_00047.bmp 2 (184 118 204 145) (13 24 33 50) 
img_00048.bmp 2 (14 20 34 47) (188 115 208 142) 
img_00049.bmp 2 (14 16 34 43) (192 112 212 139) 
img_00050.bmp 2 (194 110 215 138) (14 14 34 41) 
img_00051.bmp 2 (196 108 216 135) (16 14 36 41) 
img_00052.bmp 2 (15 10 35 37) (200 105 220 132) 
img_00053.bmp 2 (201 104 222 132) (15 8 36 36) 
img_00054.bmp 2 (203 101 223 128) (14 8 34 35) 
img_00055.bmp 2 (14 3 35 31) (204 98 225 126) 
img_00056.bmp 2 (14 4 34 31) (205 98 225 125) 
img_00057.bmp 2 (15 3 35 30) (207 97 227 124) 
img_00058.bmp 2 (14 1 34 28) (207 98 227 124) 
img_00059.bmp 1 (226 65 246 92) 
img_00060.bmp 1 (225 65 245 92) 
img_00061.bmp 1 (232 57 251 82) 
img_00062.bmp 1 (232 54 253 82) 
img_00063.bmp 1 (237 51 256 76) 
img_00064.bmp 1 (240 47 259 72) 
img_00065.bmp 1 (245 42 262 65) 
img_00066.bmp 1 (245 39 264 64) 
img_00067.bmp 1 (245 37 266 65) 
img_00068.bmp 1 (249 37 267 61) 
img_00069.bmp 1 (250 33 269 58) 
img_00070.bmp 1 (254 27 271 50) 
img_00071.bmp 1 (260 15 277 37) 
img_00072.bmp 1 (261 9 279 33) 
img_00073.bmp 1 (263 4 280 27) 
