% File Format:
% NumberOfFrames
% [Filename NumberOfBoxesInFrame [ ( UpperLeftXPixel UpperLeftYPixel LowerRightXPixel LowerRightYPixel ) ]+ ]+
23
img_00001.bmp 5 (25 170 45 197) (229 59 247 83) (260 6 277 29) (30 55 47 78) (19 35 36 58) 
img_00002.bmp 4 (322 147 340 171) (219 75 237 99) (27 37 45 61) (16 19 34 43) 
img_00003.bmp 4 (14 17 31 40) (27 33 44 56) (215 78 233 102) (308 148 328 174) 
img_00004.bmp 3 (23 42 42 67) (153 167 173 193) (169 141 189 167) 
img_00005.bmp 3 (155 159 177 188) (106 169 126 196) (22 28 40 52) 
img_00006.bmp 4 (28 43 46 67) (10 44 28 68) (234 164 255 192) (298 168 318 194) 
img_00007.bmp 4 (121 170 142 198) (206 173 227 201) (24 14 41 36) (9 14 26 36) 
img_00008.bmp 4 (120 173 139 198) (204 175 222 199) (25 12 42 35) (9 12 26 35) 
img_00009.bmp 3 (260 7 276 28) (112 182 131 207) (10 172 30 199) 
img_00010.bmp 4 (252 27 268 48) (320 108 340 134) (319 162 339 188) (40 177 61 205) 
img_00011.bmp 4 (9 177 30 205) (289 162 310 190) (296 112 317 140) (246 36 263 59) 
img_00012.bmp 3 (202 165 222 192) (240 130 260 157) (231 65 248 88) 
img_00013.bmp 5 (3 7 20 29) (309 72 326 95) (212 92 230 116) (183 141 203 168) (129 169 149 196) 
img_00014.bmp 5 (287 80 304 103) (6 17 23 40) (98 172 118 199) (153 147 173 174) (200 106 220 133) 
img_00015.bmp 5 (5 25 23 49) (75 173 95 200) (136 152 156 179) (190 115 210 142) (276 86 294 110) 
img_00016.bmp 5 (264 90 284 116) (180 120 200 147) (120 155 142 184) (55 174 77 203) (3 32 22 57) 
img_00017.bmp 3 (35 171 56 199) (105 158 126 186) (200 116 220 143) 
img_00018.bmp 3 (9 171 29 198) (75 166 96 194) (181 124 201 150) 
img_00019.bmp 2 (160 134 180 161) (36 173 57 201) 
img_00020.bmp 6 (23 171 45 200) (241 161 261 188) (320 152 340 179) (316 64 336 91) (246 35 266 61) (7 12 26 37) 
img_00021.bmp 6 (8 16 26 40) (10 173 31 201) (226 162 246 188) (307 153 327 179) (308 68 327 93) (243 41 262 66) 
img_00022.bmp 7 (120 197 141 225) (152 165 171 190) (239 158 259 185) (270 84 289 109) (229 65 246 88) (265 8 282 31) (11 35 28 58) 
img_00023.bmp 9 (27 24 47 50) (13 172 33 198) (112 211 134 240) (131 159 153 188) (151 158 174 188) (179 143 202 174) (216 106 237 134) (221 79 240 104) (242 41 260 65) 
